{
  "video_name": "1080_60_fps",
  "num_frames": 830,
  "frames": [
    {
      "frame_index": 0,
      "frame_path": "output/frames/1080_60_fps/frame_000000.jpg",
      "depth_path": "output/depth_maps/1080_60_fps/frame_000000_depth.npy",
      "pose": [
        [
          -0.0,
          -0.4472135954999579,
          0.8944271909999159,
          3.0
        ],
        [
          0.0,
          0.8944271909999159,
          0.4472135954999579,
          1.5
        ],
        [
          -1.0,
          0.0,
          -0.0,
          0.0
        ],
        [
          0.0,
          0.0,
          0.0,
          1.0
        ]
      ],
      "intrinsics": {
        "fx": 1000.0,
        "fy": 1000.0,
        "cx": 960.0,
        "cy": 540.0,
        "width": 1920,
        "height": 1080
      },
      "point_count": 3457
    },
    {
      "frame_index": 1,
      "frame_path": "output/frames/1080_60_fps/frame_000006.jpg",
      "depth_path": "output/depth_maps/1080_60_fps/frame_000006_depth.npy",
      "pose": [
        [
          0.00757916182304568,
          -0.44720075051503666,
          0.8944015010300732,
          2.9999138332216377
        ],
        [
          0.0,
          0.8944271909999159,
          0.447213595499958,
          1.5
        ],
        [
          -0.999971277740546,
          -0.003389504209760275,
          0.006779008419520549,
          0.022737485469137036
        ],
        [
          0.0,
          0.0,
          0.0,
          1.0
        ]
      ],
      "intrinsics": {
        "fx": 1000.0,
        "fy": 1000.0,
        "cx": 960.0,
        "cy": 540.0,
        "width": 1920,
        "height": 1080
      },
      "point_count": 3551
    },
    {
      "frame_index": 2,
      "frame_path": "output/frames/1080_60_fps/frame_000012.jpg",
      "depth_path": "output/depth_maps/1080_60_fps/frame_000012_depth.npy",
      "pose": [
        [
          0.015157888264786708,
          -0.4471622162981466,
          0.8943244325962931,
          2.9996553378363604
        ],
        [
          0.0,
          0.8944271909999159,
          0.4472135954999579,
          1.5
        ],
        [
          -0.9998851126121202,
          -0.006778813711081882,
          0.013557627422163761,
          0.045473664794360116
        ],
        [
          0.0,
          0.0,
          0.0,
          1.0
        ]
      ],
      "intrinsics": {
        "fx": 1000.0,
        "fy": 1000.0,
        "cx": 960.0,
        "cy": 540.0,
        "width": 1920,
        "height": 1080
      },
      "point_count": 3732
    },
    {
      "frame_index": 3,
      "frame_path": "output/frames/1080_60_fps/frame_000018.jpg",
      "depth_path": "output/depth_maps/1080_60_fps/frame_000018_depth.npy",
      "pose": [
        [
          0.022735743968928704,
          -0.44709799506286746,
          0.8941959901257348,
          2.999224528693311
        ],
        [
          0.0,
          0.8944271909999156,
          0.4472135954999579,
          1.5
        ],
        [
          -0.999741509564437,
          -0.010167733806711089,
          0.020335467613422177,
          0.06820723190678611
        ],
        [
          0.0,
          0.0,
          0.0,
          1.0
        ]
      ],
      "intrinsics": {
        "fx": 1000.0,
        "fy": 1000.0,
        "cx": 960.0,
        "cy": 540.0,
        "width": 1920,
        "height": 1080
      },
      "point_count": 3631
    },
    {
      "frame_index": 4,
      "frame_path": "output/frames/1080_60_fps/frame_000024.jpg",
      "depth_path": "output/depth_maps/1080_60_fps/frame_000024_depth.npy",
      "pose": [
        [
          0.03031229362919638,
          -0.44700809049835716,
          0.8940161809967143,
          2.9986214305401133
        ],
        [
          0.0,
          0.8944271909999157,
          0.4472135954999579,
          1.5
        ],
        [
          -0.9995404768467044,
          -0.013556069821763382,
          0.027112139643526764,
          0.09093688088758914
        ],
        [
          0.0,
          0.0,
          0.0,
          1.0
        ]
      ],
      "intrinsics": {
        "fx": 1000.0,
        "fy": 1000.0,
        "cx": 960.0,
        "cy": 540.0,
        "width": 1920,
        "height": 1080
      },
      "point_count": 3683
    },
    {
      "frame_index": 5,
      "frame_path": "output/frames/1080_60_fps/frame_000030.jpg",
      "depth_path": "output/depth_maps/1080_60_fps/frame_000030_depth.npy",
      "pose": [
        [
          0.037887102014339535,
          -0.4468925077691402,
          0.8937850155382804,
          2.997846078021451
        ],
        [
          0.0,
          0.8944271909999161,
          0.4472135954999579,
          1.5
        ],
        [
          -0.9992820260071504,
          -0.016943627114906483,
          0.033887254229812966,
          0.1136613060430186
        ],
        [
          0.0,
          0.0,
          0.0,
          1.0
        ]
      ],
      "intrinsics": {
        "fx": 1000.0,
        "fy": 1000.0,
        "cx": 960.0,
        "cy": 540.0,
        "width": 1920,
        "height": 1080
      },
      "point_count": 3636
    },
    {
      "frame_index": 6,
      "frame_path": "output/frames/1080_60_fps/frame_000036.jpg",
      "depth_path": "output/depth_maps/1080_60_fps/frame_000036_depth.npy",
      "pose": [
        [
          0.045459733993134646,
          -0.4467512535148107,
          0.8935025070296214,
          2.996898515677076
        ],
        [
          0.0,
          0.8944271909999159,
          0.4472135954999579,
          1.5
        ],
        [
          -0.9989661718923586,
          -0.020330211089541406,
          0.04066042217908281,
          0.13637920197940395
        ],
        [
          0.0,
          0.0,
          0.0,
          1.0
        ]
      ],
      "intrinsics": {
        "fx": 1000.0,
        "fy": 1000.0,
        "cx": 960.0,
        "cy": 540.0,
        "width": 1920,
        "height": 1080
      },
      "point_count": 3589
    },
    {
      "frame_index": 7,
      "frame_path": "output/frames/1080_60_fps/frame_000042.jpg",
      "depth_path": "output/depth_maps/1080_60_fps/frame_000042_depth.npy",
      "pose": [
        [
          0.05302975455938083,
          -0.44658433584965157,
          0.893168671699303,
          2.995778797939251
        ],
        [
          0.0,
          0.8944271909999157,
          0.447213595499958,
          1.5
        ],
        [
          -0.9985929326464171,
          -0.023715627204980994,
          0.04743125440996198,
          0.1590892636781425
        ],
        [
          0.0,
          0.0,
          0.0,
          1.0
        ]
      ],
      "intrinsics": {
        "fx": 1000.0,
        "fy": 1000.0,
        "cx": 960.0,
        "cy": 540.0,
        "width": 1920,
        "height": 1080
      },
      "point_count": 3441
    },
    {
      "frame_index": 8,
      "frame_path": "output/frames/1080_60_fps/frame_000048.jpg",
      "depth_path": "output/depth_maps/1080_60_fps/frame_000048_depth.npy",
      "pose": [
        [
          0.06059672885688854,
          -0.4463917643621676,
          0.8927835287243351,
          2.994486989129624
        ],
        [
          0.0,
          0.8944271909999159,
          0.4472135954999579,
          1.5
        ],
        [
          -0.9981623297098748,
          -0.02709968098762518,
          0.054199361975250354,
          0.18179018657066562
        ],
        [
          0.0,
          0.0,
          0.0,
          1.0
        ]
      ],
      "intrinsics": {
        "fx": 1000.0,
        "fy": 1000.0,
        "cx": 960.0,
        "cy": 540.0,
        "width": 1920,
        "height": 1080
      },
      "point_count": 3593
    },
    {
      "frame_index": 9,
      "frame_path": "output/frames/1080_60_fps/frame_000054.jpg",
      "depth_path": "output/depth_maps/1080_60_fps/frame_000054_depth.npy",
      "pose": [
        [
          0.06816022220445966,
          -0.4461735501145353,
          0.8923471002290706,
          2.99302316345553
        ],
        [
          0.0,
          0.8944271909999159,
          0.4472135954999579,
          1.5
        ],
        [
          -0.99767438781851,
          -0.030482178042132473,
          0.060964356084264947,
          0.204480666613379
        ],
        [
          0.0,
          0.0,
          0.0,
          1.0
        ]
      ],
      "intrinsics": {
        "fx": 1000.0,
        "fy": 1000.0,
        "cx": 960.0,
        "cy": 540.0,
        "width": 1920,
        "height": 1080
      },
      "point_count": 3487
    },
    {
      "frame_index": 10,
      "frame_path": "output/frames/1080_60_fps/frame_000060.jpg",
      "depth_path": "output/depth_maps/1080_60_fps/frame_000060_depth.npy",
      "pose": [
        [
          0.0757198001208576,
          -0.4459297056419672,
          0.8918594112839343,
          2.99138740500573
        ],
        [
          0.0,
          0.8944271909999159,
          0.447213595499958,
          1.5
        ],
        [
          -0.99712913500191,
          -0.03386292406258688,
          0.06772584812517375,
          0.22715940036257276
        ],
        [
          0.0,
          0.0,
          0.0,
          1.0
        ]
      ],
      "intrinsics": {
        "fx": 1000.0,
        "fy": 1000.0,
        "cx": 960.0,
        "cy": 540.0,
        "width": 1920,
        "height": 1080
      },
      "point_count": 3308
    },
    {
      "frame_index": 11,
      "frame_path": "output/frames/1080_60_fps/frame_000066.jpg",
      "depth_path": "output/depth_maps/1080_60_fps/frame_000066_depth.npy",
      "pose": [
        [
          0.08327502834976575,
          -0.4456602449519916,
          0.891320489903983,
          2.989579807745582
        ],
        [
          0.0,
          0.8944271909999157,
          0.4472135954999579,
          1.5
        ],
        [
          -0.9965266025818607,
          -0.03724172484365967,
          0.07448344968731932,
          0.24982508504929718
        ],
        [
          0.0,
          0.0,
          0.0,
          1.0
        ]
      ],
      "intrinsics": {
        "fx": 1000.0,
        "fy": 1000.0,
        "cx": 960.0,
        "cy": 540.0,
        "width": 1920,
        "height": 1080
      },
      "point_count": 3248
    },
    {
      "frame_index": 12,
      "frame_path": "output/frames/1080_60_fps/frame_000072.jpg",
      "depth_path": "output/depth_maps/1080_60_fps/frame_000072_depth.npy",
      "pose": [
        [
          0.09082547288473329,
          -0.4453651835236483,
          0.8907303670472966,
          2.9876004755116408
        ],
        [
          0.0,
          0.894427190999916,
          0.4472135954999579,
          1.5
        ],
        [
          -0.9958668251705469,
          -0.040618386291765514,
          0.08123677258353103,
          0.2724764186541999
        ],
        [
          0.0,
          0.0,
          0.0,
          1.0
        ]
      ],
      "intrinsics": {
        "fx": 1000.0,
        "fy": 1000.0,
        "cx": 960.0,
        "cy": 540.0,
        "width": 1920,
        "height": 1080
      },
      "point_count": 3328
    },
    {
      "frame_index": 13,
      "frame_path": "output/frames/1080_60_fps/frame_000078.jpg",
      "depth_path": "output/depth_maps/1080_60_fps/frame_000078_depth.npy",
      "pose": [
        [
          0.09837069999410637,
          -0.445044538306599,
          0.890089076613198,
          2.985449522005694
        ],
        [
          0.0,
          0.8944271909999159,
          0.4472135954999579,
          1.5
        ],
        [
          -0.9951498406685646,
          -0.043992714436212,
          0.087985428872424,
          0.29511209998231913
        ],
        [
          0.0,
          0.0,
          0.0,
          1.0
        ]
      ],
      "intrinsics": {
        "fx": 1000.0,
        "fy": 1000.0,
        "cx": 960.0,
        "cy": 540.0,
        "width": 1920,
        "height": 1080
      },
      "point_count": 3403
    },
    {
      "frame_index": 14,
      "frame_path": "output/frames/1080_60_fps/frame_000084.jpg",
      "depth_path": "output/depth_maps/1080_60_fps/frame_000084_depth.npy",
      "pose": [
        [
          0.10591027624594367,
          -0.4446983277201541,
          0.8893966554403081,
          2.983127070788231
        ],
        [
          0.0,
          0.8944271909999157,
          0.4472135954999579,
          1.5
        ],
        [
          -0.9943756902627436,
          -0.04736451544034225,
          0.09472903088068449,
          0.31773082873783093
        ],
        [
          0.0,
          0.0,
          0.0,
          1.0
        ]
      ],
      "intrinsics": {
        "fx": 1000.0,
        "fy": 1000.0,
        "cx": 960.0,
        "cy": 540.0,
        "width": 1920,
        "height": 1080
      },
      "point_count": 3207
    },
    {
      "frame_index": 15,
      "frame_path": "output/frames/1080_60_fps/frame_000090.jpg",
      "depth_path": "output/depth_maps/1080_60_fps/frame_000090_depth.npy",
      "pose": [
        [
          0.11344376853291455,
          -0.4443265716522141,
          0.8886531433044281,
          2.9806332552713446
        ],
        [
          0.0,
          0.8944271909999159,
          0.44721359549995804,
          1.5
        ],
        [
          -0.9935444184237816,
          -0.05073359561266971,
          0.10146719122533941,
          0.3403313055987436
        ],
        [
          0.0,
          0.0,
          0.0,
          1.0
        ]
      ],
      "intrinsics": {
        "fx": 1000.0,
        "fy": 1000.0,
        "cx": 960.0,
        "cy": 540.0,
        "width": 1920,
        "height": 1080
      },
      "point_count": 3266
    },
    {
      "frame_index": 16,
      "frame_path": "output/frames/1080_60_fps/frame_000096.jpg",
      "depth_path": "output/depth_maps/1080_60_fps/frame_000096_depth.npy",
      "pose": [
        [
          0.12097074409717894,
          -0.4439292914581273,
          0.8878585829162546,
          2.9779682187110685
        ],
        [
          0.0,
          0.8944271909999159,
          0.4472135954999579,
          1.5
        ],
        [
          -0.9926560729036894,
          -0.0540997614180047,
          0.1081995228360094,
          0.3629122322915368
        ],
        [
          0.0,
          0.0,
          0.0,
          1.0
        ]
      ],
      "intrinsics": {
        "fx": 1000.0,
        "fy": 1000.0,
        "cx": 960.0,
        "cy": 540.0,
        "width": 1920,
        "height": 1080
      },
      "point_count": 3064
    },
    {
      "frame_index": 17,
      "frame_path": "output/frames/1080_60_fps/frame_000102.jpg",
      "depth_path": "output/depth_maps/1080_60_fps/frame_000102_depth.npy",
      "pose": [
        [
          0.12849077055524674,
          -0.4435065099594636,
          0.8870130199189271,
          2.9751321141991443
        ],
        [
          0.0,
          0.8944271909999159,
          0.4472135954999579,
          1.5
        ],
        [
          -0.9917107047330481,
          -0.05746281948857202,
          0.11492563897714402,
          0.38547231166574014
        ],
        [
          0.0,
          0.0,
          0.0,
          1.0
        ]
      ],
      "intrinsics": {
        "fx": 1000.0,
        "fy": 1000.0,
        "cx": 960.0,
        "cy": 540.0,
        "width": 1920,
        "height": 1080
      },
      "point_count": 2983
    },
    {
      "frame_index": 18,
      "frame_path": "output/frames/1080_60_fps/frame_000108.jpg",
      "depth_path": "output/depth_maps/1080_60_fps/frame_000108_depth.npy",
      "pose": [
        [
          0.1360034159228158,
          -0.44305825144270267,
          0.8861165028854052,
          2.972125104654232
        ],
        [
          0.0,
          0.894427190999916,
          0.4472135954999579,
          1.5
        ],
        [
          -0.9907083682180775,
          -0.06082257663511869,
          0.12164515327023737,
          0.4080102477684474
        ],
        [
          0.0,
          0.0,
          0.0,
          1.0
        ]
      ],
      "intrinsics": {
        "fx": 1000.0,
        "fy": 1000.0,
        "cx": 960.0,
        "cy": 540.0,
        "width": 1920,
        "height": 1080
      },
      "point_count": 3106
    },
    {
      "frame_index": 19,
      "frame_path": "output/frames/1080_60_fps/frame_000114.jpg",
      "depth_path": "output/depth_maps/1080_60_fps/frame_000114_depth.npy",
      "pose": [
        [
          0.1435082486395874,
          -0.4425845416578393,
          0.8851690833156786,
          2.9689473628125485
        ],
        [
          0.0,
          0.894427190999916,
          0.4472135954999579,
          1.5
        ],
        [
          -0.9896491209375161,
          -0.06417883985801182,
          0.12835767971602363,
          0.43052474591876216
        ],
        [
          0.0,
          0.0,
          0.0,
          1.0
        ]
      ],
      "intrinsics": {
        "fx": 1000.0,
        "fy": 1000.0,
        "cx": 960.0,
        "cy": 540.0,
        "width": 1920,
        "height": 1080
      },
      "point_count": 3102
    },
    {
      "frame_index": 20,
      "frame_path": "output/frames/1080_60_fps/frame_000120.jpg",
      "depth_path": "output/depth_maps/1080_60_fps/frame_000120_depth.npy",
      "pose": [
        [
          0.15100483759405653,
          -0.4420854078169043,
          0.8841708156338085,
          2.965599071217944
        ],
        [
          0.0,
          0.894427190999916,
          0.447213595499958,
          1.5
        ],
        [
          -0.9885330237393148,
          -0.06753141635832524,
          0.13506283271665048,
          0.45301451278216953
        ],
        [
          0.0,
          0.0,
          0.0,
          1.0
        ]
      ],
      "intrinsics": {
        "fx": 1000.0,
        "fy": 1000.0,
        "cx": 960.0,
        "cy": 540.0,
        "width": 1920,
        "height": 1080
      },
      "point_count": 2976
    },
    {
      "frame_index": 21,
      "frame_path": "output/frames/1080_60_fps/frame_000126.jpg",
      "depth_path": "output/depth_maps/1080_60_fps/frame_000126_depth.npy",
      "pose": [
        [
          0.15849275214827724,
          -0.44156087859240084,
          0.8831217571848017,
          2.96208042221142
        ],
        [
          0.0,
          0.894427190999916,
          0.4472135954999579,
          1.5
        ],
        [
          -0.98736014073714,
          -0.07088011354891474,
          0.14176022709782948,
          0.4754782564448317
        ],
        [
          0.0,
          0.0,
          0.0,
          1.0
        ]
      ],
      "intrinsics": {
        "fx": 1000.0,
        "fy": 1000.0,
        "cx": 960.0,
        "cy": 540.0,
        "width": 1920,
        "height": 1080
      },
      "point_count": 2899
    },
    {
      "frame_index": 22,
      "frame_path": "output/frames/1080_60_fps/frame_000132.jpg",
      "depth_path": "output/depth_maps/1080_60_fps/frame_000132_depth.npy",
      "pose": [
        [
          0.16597156216260034,
          -0.4410109841156581,
          0.8820219682313162,
          2.9583916179200744
        ],
        [
          0.0,
          0.894427190999916,
          0.4472135954999579,
          1.5
        ],
        [
          -0.9861305393066915,
          -0.07422473906548127,
          0.14844947813096254,
          0.497914686487801
        ],
        [
          0.0,
          0.0,
          0.0,
          1.0
        ]
      ],
      "intrinsics": {
        "fx": 1000.0,
        "fy": 1000.0,
        "cx": 960.0,
        "cy": 540.0,
        "width": 1920,
        "height": 1080
      },
      "point_count": 2939
    },
    {
      "frame_index": 23,
      "frame_path": "output/frames/1080_60_fps/frame_000138.jpg",
      "depth_path": "output/depth_maps/1080_60_fps/frame_000138_depth.npy",
      "pose": [
        [
          0.17344083802038265,
          -0.4404357559750996,
          0.8808715119501992,
          2.9545328702454956
        ],
        [
          0.0,
          0.8944271909999159,
          0.4472135954999579,
          1.5
        ],
        [
          -0.9848442900818319,
          -0.07756510077762113,
          0.15513020155524226,
          0.5203225140611479
        ],
        [
          0.0,
          0.0,
          0.0,
          1.0
        ]
      ],
      "intrinsics": {
        "fx": 1000.0,
        "fy": 1000.0,
        "cx": 960.0,
        "cy": 540.0,
        "width": 1920,
        "height": 1080
      },
      "point_count": 2796
    },
    {
      "frame_index": 24,
      "frame_path": "output/frames/1080_60_fps/frame_000144.jpg",
      "depth_path": "output/depth_maps/1080_60_fps/frame_000144_depth.npy",
      "pose": [
        [
          0.18090015065266588,
          -0.4398352272144292,
          0.8796704544288584,
          2.9505044008515875
        ],
        [
          0.0,
          0.894427190999916,
          0.4472135954999579,
          1.5
        ],
        [
          -0.9835014669505292,
          -0.08090100679986277,
          0.16180201359972554,
          0.5427004519579977
        ],
        [
          0.0,
          0.0,
          0.0,
          1.0
        ]
      ],
      "intrinsics": {
        "fx": 1000.0,
        "fy": 1000.0,
        "cx": 960.0,
        "cy": 540.0,
        "width": 1920,
        "height": 1080
      },
      "point_count": 2962
    },
    {
      "frame_index": 25,
      "frame_path": "output/frames/1080_60_fps/frame_000150.jpg",
      "depth_path": "output/depth_maps/1080_60_fps/frame_000150_depth.npy",
      "pose": [
        [
          0.18834907156282443,
          -0.4392094323307326,
          0.8784188646614652,
          2.9463064411518363
        ],
        [
          0.0,
          0.8944271909999159,
          0.4472135954999579,
          1.5
        ],
        [
          -0.982102147050612,
          -0.0842322655026896,
          0.1684645310053792,
          0.5650472146884733
        ],
        [
          0.0,
          0.0,
          0.0,
          1.0
        ]
      ],
      "intrinsics": {
        "fx": 1000.0,
        "fy": 1000.0,
        "cx": 960.0,
        "cy": 540.0,
        "width": 1920,
        "height": 1080
      },
      "point_count": 2669
    },
    {
      "frame_index": 26,
      "frame_path": "output/frames/1080_60_fps/frame_000156.jpg",
      "depth_path": "output/depth_maps/1080_60_fps/frame_000156_depth.npy",
      "pose": [
        [
          0.19578717285118033,
          -0.438558407272496,
          0.8771168145449918,
          2.9419392322960167
        ],
        [
          0.0,
          0.8944271909999159,
          0.447213595499958,
          1.5
        ],
        [
          -0.9806464107653391,
          -0.08755868552354812,
          0.17511737104709618,
          0.5873615185535408
        ],
        [
          0.0,
          0.0,
          0.0,
          1.0
        ]
      ],
      "intrinsics": {
        "fx": 1000.0,
        "fy": 1000.0,
        "cx": 960.0,
        "cy": 540.0,
        "width": 1920,
        "height": 1080
      },
      "point_count": 2831
    },
    {
      "frame_index": 27,
      "frame_path": "output/frames/1080_60_fps/frame_000162.jpg",
      "depth_path": "output/depth_maps/1080_60_fps/frame_000162_depth.npy",
      "pose": [
        [
          0.20321402723958326,
          -0.43788218943754037,
          0.8757643788750807,
          2.937403025156342
        ],
        [
          0.0,
          0.8944271909999159,
          0.4472135954999579,
          1.5
        ],
        [
          -0.9791343417187807,
          -0.09088007577784042,
          0.18176015155568084,
          0.6096420817187498
        ],
        [
          0.0,
          0.0,
          0.0,
          1.0
        ]
      ],
      "intrinsics": {
        "fx": 1000.0,
        "fy": 1000.0,
        "cx": 960.0,
        "cy": 540.0,
        "width": 1920,
        "height": 1080
      },
      "point_count": 2880
    },
    {
      "frame_index": 28,
      "frame_path": "output/frames/1080_60_fps/frame_000168.jpg",
      "depth_path": "output/depth_maps/1080_60_fps/frame_000168_depth.npy",
      "pose": [
        [
          0.21062920809595614,
          -0.4371808176708742,
          0.8743616353417483,
          2.932698080313047
        ],
        [
          0.0,
          0.894427190999916,
          0.447213595499958,
          1.5
        ],
        [
          -0.9775660267710159,
          -0.09419624546990141,
          0.1883924909398028,
          0.6318876242878684
        ],
        [
          0.0,
          0.0,
          0.0,
          1.0
        ]
      ],
      "intrinsics": {
        "fx": 1000.0,
        "fy": 1000.0,
        "cx": 960.0,
        "cy": 540.0,
        "width": 1920,
        "height": 1080
      },
      "point_count": 2742
    },
    {
      "frame_index": 29,
      "frame_path": "output/frames/1080_60_fps/frame_000174.jpg",
      "depth_path": "output/depth_maps/1080_60_fps/frame_000174_depth.npy",
      "pose": [
        [
          0.218032289458802,
          -0.43645433226246094,
          0.8729086645249218,
          2.9278246680394266
        ],
        [
          0.0,
          0.8944271909999159,
          0.4472135954999579,
          1.5
        ],
        [
          -0.9759415560131423,
          -0.0975070041039584,
          0.1950140082079168,
          0.6540968683764059
        ],
        [
          0.0,
          0.0,
          0.0,
          1.0
        ]
      ],
      "intrinsics": {
        "fx": 1000.0,
        "fy": 1000.0,
        "cx": 960.0,
        "cy": 540.0,
        "width": 1920,
        "height": 1080
      },
      "point_count": 2757
    },
    {
      "frame_index": 30,
      "frame_path": "output/frames/1080_60_fps/frame_000180.jpg",
      "depth_path": "output/depth_maps/1080_60_fps/frame_000180_depth.npy",
      "pose": [
        [
          0.22542284606167332,
          -0.43570277494490556,
          0.8714055498898111,
          2.922783068286303
        ],
        [
          0.0,
          0.894427190999916,
          0.4472135954999579,
          1.5
        ],
        [
          -0.974261022762101,
          -0.10081216149507445,
          0.2016243229901489,
          0.67626853818502
        ],
        [
          0.0,
          0.0,
          0.0,
          1.0
        ]
      ],
      "intrinsics": {
        "fx": 1000.0,
        "fy": 1000.0,
        "cx": 960.0,
        "cy": 540.0,
        "width": 1920,
        "height": 1080
      },
      "point_count": 2800
    },
    {
      "frame_index": 31,
      "frame_path": "output/frames/1080_60_fps/frame_000186.jpg",
      "depth_path": "output/depth_maps/1080_60_fps/frame_000186_depth.npy",
      "pose": [
        [
          0.23280045335760188,
          -0.43492618889105655,
          0.8698523777821131,
          2.917573570665949
        ],
        [
          0.0,
          0.8944271909999159,
          0.4472135954999579,
          1.5
        ],
        [
          -0.9725245235553164,
          -0.10411152778007339,
          0.20822305556014678,
          0.6984013600728056
        ],
        [
          0.0,
          0.0,
          0.0,
          1.0
        ]
      ],
      "intrinsics": {
        "fx": 1000.0,
        "fy": 1000.0,
        "cx": 960.0,
        "cy": 540.0,
        "width": 1920,
        "height": 1080
      },
      "point_count": 2738
    },
    {
      "frame_index": 32,
      "frame_path": "output/frames/1080_60_fps/frame_000192.jpg",
      "depth_path": "output/depth_maps/1080_60_fps/frame_000192_depth.npy",
      "pose": [
        [
          0.24016468754348566,
          -0.43412461871152624,
          0.8682492374230524,
          2.912196474435449
        ],
        [
          0.0,
          0.8944271909999161,
          0.447213595499958,
          1.5
        ],
        [
          -0.9707321581451498,
          -0.1074049134284462,
          0.21480982685689237,
          0.7204940626304569
        ],
        [
          0.0,
          0.0,
          0.0,
          1.0
        ]
      ],
      "intrinsics": {
        "fx": 1000.0,
        "fy": 1000.0,
        "cx": 960.0,
        "cy": 540.0,
        "width": 1920,
        "height": 1080
      },
      "point_count": 2792
    },
    {
      "frame_index": 33,
      "frame_path": "output/frames/1080_60_fps/frame_000198.jpg",
      "depth_path": "output/depth_maps/1080_60_fps/frame_000198_depth.npy",
      "pose": [
        [
          0.24751512558443478,
          -0.4332981104521278,
          0.8665962209042556,
          2.9066520884795093
        ],
        [
          0.0,
          0.894427190999916,
          0.447213595499958,
          1.5
        ],
        [
          -0.9688840294931698,
          -0.11069212925323872,
          0.22138425850647744,
          0.7425453767533043
        ],
        [
          0.0,
          0.0,
          0.0,
          1.0
        ]
      ],
      "intrinsics": {
        "fx": 1000.0,
        "fy": 1000.0,
        "cx": 960.0,
        "cy": 540.0,
        "width": 1920,
        "height": 1080
      },
      "point_count": 2503
    },
    {
      "frame_index": 34,
      "frame_path": "output/frames/1080_60_fps/frame_000204.jpg",
      "depth_path": "output/depth_maps/1080_60_fps/frame_000204_depth.npy",
      "pose": [
        [
          0.25485134523807224,
          -0.4324467115912306,
          0.8648934231824612,
          2.900940731292714
        ],
        [
          0.0,
          0.8944271909999157,
          0.4472135954999579,
          1.5
        ],
        [
          -0.9669802437642379,
          -0.11397298642191936,
          0.22794597284383872,
          0.7645540357142167
        ],
        [
          0.0,
          0.0,
          0.0,
          1.0
        ]
      ],
      "intrinsics": {
        "fx": 1000.0,
        "fy": 1000.0,
        "cx": 960.0,
        "cy": 540.0,
        "width": 1920,
        "height": 1080
      },
      "point_count": 2732
    },
    {
      "frame_index": 35,
      "frame_path": "output/frames/1080_60_fps/frame_000210.jpg",
      "depth_path": "output/depth_maps/1080_60_fps/frame_000210_depth.npy",
      "pose": [
        [
          0.2621729250787895,
          -0.4315704710370328,
          0.8631409420740654,
          2.895062730961228
        ],
        [
          0.0,
          0.894427190999916,
          0.447213595499958,
          1.5
        ],
        [
          -0.9650209103204094,
          -0.11724729646722655,
          0.23449459293445304,
          0.7865187752363683
        ],
        [
          0.0,
          0.0,
          0.0,
          1.0
        ]
      ],
      "intrinsics": {
        "fx": 1000.0,
        "fy": 1000.0,
        "cx": 960.0,
        "cy": 540.0,
        "width": 1920,
        "height": 1080
      },
      "point_count": 2554
    },
    {
      "frame_index": 36,
      "frame_path": "output/frames/1080_60_fps/frame_000216.jpg",
      "depth_path": "output/depth_maps/1080_60_fps/frame_000216_depth.npy",
      "pose": [
        [
          0.2694794445219547,
          -0.43066943912475114,
          0.8613388782495023,
          2.8890184251439535
        ],
        [
          0.0,
          0.8944271909999159,
          0.4472135954999579,
          1.5
        ],
        [
          -0.9630061417146512,
          -0.1205148712979948,
          0.2410297425959896,
          0.8084383335658641
        ],
        [
          0.0,
          0.0,
          0.0,
          1.0
        ]
      ],
      "intrinsics": {
        "fx": 1000.0,
        "fy": 1000.0,
        "cx": 960.0,
        "cy": 540.0,
        "width": 1920,
        "height": 1080
      },
      "point_count": 2611
    },
    {
      "frame_index": 37,
      "frame_path": "output/frames/1080_60_fps/frame_000222.jpg",
      "depth_path": "output/depth_maps/1080_60_fps/frame_000222_depth.npy",
      "pose": [
        [
          0.2767704838480738,
          -0.4297436676137307,
          0.8594873352274612,
          2.8828081610531298
        ],
        [
          0.0,
          0.8944271909999159,
          0.4472135954999579,
          1.5
        ],
        [
          -0.9609360536843766,
          -0.12377552320996012,
          0.2475510464199202,
          0.8303114515442214
        ],
        [
          0.0,
          0.0,
          0.0,
          1.0
        ]
      ],
      "intrinsics": {
        "fx": 1000.0,
        "fy": 1000.0,
        "cx": 960.0,
        "cy": 540.0,
        "width": 1920,
        "height": 1080
      },
      "point_count": 2632
    },
    {
      "frame_index": 38,
      "frame_path": "output/frames/1080_60_fps/frame_000228.jpg",
      "depth_path": "output/depth_maps/1080_60_fps/frame_000228_depth.npy",
      "pose": [
        [
          0.28404562422690033,
          -0.4287932096844703,
          0.8575864193689405,
          2.87643229543439
        ],
        [
          0.0,
          0.894427190999916,
          0.4472135954999579,
          1.5
        ],
        [
          -0.9588107651447968,
          -0.12702906489654206,
          0.25405812979308406,
          0.8521368726807008
        ],
        [
          0.0,
          0.0,
          0.0,
          1.0
        ]
      ],
      "intrinsics": {
        "fx": 1000.0,
        "fy": 1000.0,
        "cx": 960.0,
        "cy": 540.0,
        "width": 1920,
        "height": 1080
      },
      "point_count": 2538
    },
    {
      "frame_index": 39,
      "frame_path": "output/frames/1080_60_fps/frame_000234.jpg",
      "depth_path": "output/depth_maps/1080_60_fps/frame_000234_depth.npy",
      "pose": [
        [
          0.29130444774149505,
          -0.4278181199355685,
          0.855636239871137,
          2.8698911945462675
        ],
        [
          0.0,
          0.8944271909999157,
          0.4472135954999579,
          1.5
        ],
        [
          -0.9566303981820892,
          -0.1302753094596036,
          0.2605506189192072,
          0.8739133432244853
        ],
        [
          0.0,
          0.0,
          0.0,
          1.0
        ]
      ],
      "intrinsics": {
        "fx": 1000.0,
        "fy": 1000.0,
        "cx": 960.0,
        "cy": 540.0,
        "width": 1920,
        "height": 1080
      },
      "point_count": 2482
    },
    {
      "frame_index": 40,
      "frame_path": "output/frames/1080_60_fps/frame_000240.jpg",
      "depth_path": "output/depth_maps/1080_60_fps/frame_000240_depth.npy",
      "pose": [
        [
          0.2985465374122337,
          -0.4268184543805869,
          0.8536369087611738,
          2.8631852341391557
        ],
        [
          0.0,
          0.8944271909999159,
          0.4472135954999579,
          1.5
        ],
        [
          -0.9543950780463852,
          -0.13351407042018773,
          0.26702814084037546,
          0.8956396122367011
        ],
        [
          0.0,
          0.0,
          0.0,
          1.0
        ]
      ],
      "intrinsics": {
        "fx": 1000.0,
        "fy": 1000.0,
        "cx": 960.0,
        "cy": 540.0,
        "width": 1920,
        "height": 1080
      },
      "point_count": 2350
    },
    {
      "frame_index": 41,
      "frame_path": "output/frames/1080_60_fps/frame_000246.jpg",
      "depth_path": "output/depth_maps/1080_60_fps/frame_000246_depth.npy",
      "pose": [
        [
          0.30577147722075887,
          -0.4257942704448323,
          0.8515885408896645,
          2.856314799433724
        ],
        [
          0.0,
          0.8944271909999159,
          0.4472135954999579,
          1.5
        ],
        [
          -0.9521049331445747,
          -0.13674516172922907,
          0.2734903234584581,
          0.9173144316622764
        ],
        [
          0.0,
          0.0,
          0.0,
          1.0
        ]
      ],
      "intrinsics": {
        "fx": 1000.0,
        "fy": 1000.0,
        "cx": 960.0,
        "cy": 540.0,
        "width": 1920,
        "height": 1080
      },
      "point_count": 2255
    },
    {
      "frame_index": 42,
      "frame_path": "output/frames/1080_60_fps/frame_000252.jpg",
      "depth_path": "output/depth_maps/1080_60_fps/frame_000252_depth.npy",
      "pose": [
        [
          0.3129788521338792,
          -0.42474562696205814,
          0.8494912539241164,
          2.849280285098789
        ],
        [
          0.0,
          0.894427190999916,
          0.4472135954999579,
          1.5
        ],
        [
          -0.9497600950329296,
          -0.1399683977782418,
          0.27993679555648365,
          0.9389365564016379
        ],
        [
          0.0,
          0.0,
          0.0,
          1.0
        ]
      ],
      "intrinsics": {
        "fx": 1000.0,
        "fy": 1000.0,
        "cx": 960.0,
        "cy": 540.0,
        "width": 1920,
        "height": 1080
      },
      "point_count": 2126
    },
    {
      "frame_index": 43,
      "frame_path": "output/frames/1080_60_fps/frame_000258.jpg",
      "depth_path": "output/depth_maps/1080_60_fps/frame_000258_depth.npy",
      "pose": [
        [
          0.3201682481274105,
          -0.4236725841710849,
          0.8473451683421697,
          2.8420820952286414
        ],
        [
          0.0,
          0.8944271909999159,
          0.4472135954999579,
          1.5
        ],
        [
          -0.9473606984095472,
          -0.14318359340998194,
          0.2863671868199638,
          0.9605047443822314
        ],
        [
          0.0,
          0.0,
          0.0,
          1.0
        ]
      ],
      "intrinsics": {
        "fx": 1000.0,
        "fy": 1000.0,
        "cx": 960.0,
        "cy": 540.0,
        "width": 1920,
        "height": 1080
      },
      "point_count": 2054
    },
    {
      "frame_index": 44,
      "frame_path": "output/frames/1080_60_fps/frame_000264.jpg",
      "depth_path": "output/depth_maps/1080_60_fps/frame_000264_depth.npy",
      "pose": [
        [
          0.32733925220995835,
          -0.4225752037123393,
          0.8451504074246785,
          2.8347206433198364
        ],
        [
          0.0,
          0.8944271909999159,
          0.4472135954999579,
          1.5
        ],
        [
          -0.9449068811066123,
          -0.14639056392908303,
          0.292781127858166,
          0.9820177566298749
        ],
        [
          0.0,
          0.0,
          0.0,
          1.0
        ]
      ],
      "intrinsics": {
        "fx": 1000.0,
        "fy": 1000.0,
        "cx": 960.0,
        "cy": 540.0,
        "width": 1920,
        "height": 1080
      },
      "point_count": 1992
    },
    {
      "frame_index": 45,
      "frame_path": "output/frames/1080_60_fps/frame_000270.jpg",
      "depth_path": "output/depth_maps/1080_60_fps/frame_000270_depth.npy",
      "pose": [
        [
          0.33449145244664324,
          -0.421453548624314,
          0.842907097248628,
          2.8271963522474373
        ],
        [
          0.0,
          0.894427190999916,
          0.4472135954999579,
          1.5
        ],
        [
          -0.9423987840824791,
          -0.14958912511266653,
          0.29917825022533306,
          1.0034743573399298
        ],
        [
          0.0,
          0.0,
          0.0,
          1.0
        ]
      ],
      "intrinsics": {
        "fx": 1000.0,
        "fy": 1000.0,
        "cx": 960.0,
        "cy": 540.0,
        "width": 1920,
        "height": 1080
      },
      "point_count": 1965
    },
    {
      "frame_index": 46,
      "frame_path": "output/frames/1080_60_fps/frame_000276.jpg",
