{
  "video_name": "1080_5_frames",
  "num_frames": 5,
  "frames": [
    {
      "frame_index": 0,
      "frame_path": "output/test_frames/1080_5_frames/frame_000000.jpg",
      "depth_path": "output/test_depth_maps/1080_5_frames/frame_000000_depth.npy",
      "pose": [
        [
          -0.0,
          -0.4472135954999579,
          0.8944271909999159,
          3.0
        ],
        [
          0.0,
          0.8944271909999159,
          0.4472135954999579,
          1.5
        ],
        [
          -1.0,
          0.0,
          -0.0,
          0.0
        ],
        [
          0.0,
          0.0,
          0.0,
          1.0
        ]
      ],
      "intrinsics": {
        "fx": 1000.0,
        "fy": 1000.0,
        "cx": 960.0,
        "cy": 540.0,
        "width": 1920,
        "height": 1080
      },
      "point_count": 1183534
    },
    {
      "frame_index": 1,
      "frame_path": "output/test_frames/1080_5_frames/frame_000006.jpg",
      "depth_path": "output/test_depth_maps/1080_5_frames/frame_000006_depth.npy",
      "pose": [
        [
          1.0,
          -2.7383934913210125e-17,
          5.4767869826420256e-17,
          1.8369701987210297e-16
        ],
        [
          0.0,
          0.8944271909999159,
          0.4472135954999579,
          1.5
        ],
        [
          -6.123233995736765e-17,
          -0.4472135954999579,
          0.8944271909999159,
          3.0
        ],
        [
          0.0,
          0.0,
          0.0,
          1.0
        ]
      ],
      "intrinsics": {
        "fx": 1000.0,
        "fy": 1000.0,
        "cx": 960.0,
        "cy": 540.0,
        "width": 1920,
        "height": 1080
      },
      "point_count": 1114634
    },
    {
      "frame_index": 2,
      "frame_path": "output/test_frames/1080_5_frames/frame_000012.jpg",
      "depth_path": "output/test_depth_maps/1080_5_frames/frame_000012_depth.npy",
      "pose": [
        [
          1.224646799147353e-16,
          0.4472135954999579,
          -0.8944271909999159,
          -3.0
        ],
        [
          -0.0,
          0.8944271909999159,
          0.4472135954999579,
          1.5
        ],
        [
          1.0,
          -5.476786982642025e-17,
          1.0953573965284051e-16,
          3.6739403974420594e-16
        ],
        [
          0.0,
          0.0,
          0.0,
          1.0
        ]
      ],
      "intrinsics": {
        "fx": 1000.0,
        "fy": 1000.0,
        "cx": 960.0,
        "cy": 540.0,
        "width": 1920,
        "height": 1080
      },
      "point_count": 1134218
    },
    {
      "frame_index": 3,
      "frame_path": "output/test_frames/1080_5_frames/frame_000018.jpg",
      "depth_path": "output/test_depth_maps/1080_5_frames/frame_000018_depth.npy",
      "pose": [
        [
          -1.0,
          8.215180473963039e-17,
          -1.6430360947926078e-16,
          -5.51091059616309e-16
        ],
        [
          0.0,
          0.8944271909999159,
          0.4472135954999579,
          1.5
        ],
        [
          1.8369701987210297e-16,
          0.4472135954999579,
          -0.8944271909999159,
          -3.0
        ],
        [
          0.0,
          0.0,
          0.0,
          1.0
        ]
      ],
      "intrinsics": {
        "fx": 1000.0,
        "fy": 1000.0,
        "cx": 960.0,
        "cy": 540.0,
        "width": 1920,
        "height": 1080
      },
      "point_count": 1136069
    },
    {
      "frame_index": 4,
      "frame_path": "output/test_frames/1080_5_frames/frame_000024.jpg",
      "depth_path": "output/test_depth_maps/1080_5_frames/frame_000024_depth.npy",
      "pose": [
        [
          -2.449293598294706e-16,
          -0.4472135954999579,
          0.8944271909999159,
          3.0
        ],
        [
          0.0,
          0.8944271909999159,
          0.4472135954999579,
          1.5
        ],
        [
          -1.0,
          1.095357396528405e-16,
          -2.1907147930568103e-16,
          -7.347880794884119e-16
        ],
        [
          0.0,
          0.0,
          0.0,
          1.0
        ]
      ],
      "intrinsics": {
        "fx": 1000.0,
        "fy": 1000.0,
        "cx": 960.0,
        "cy": 540.0,
        "width": 1920,
        "height": 1080
      },
      "point_count": 1135205
    }
  ],
  "camera_intrinsics": {
    "fx": 1000.0,
    "fy": 1000.0,
    "cx": 960.0,
    "cy": 540.0,
    "width": 1920,
    "height": 1080
  }
}